0.8873015873015873 0.8067040848144684 0.8101891905978007 0.5444444444444445 0.5074481812660697 0.4965372402629251
0.8555555555555555 0.608055295707307 0.6049252097774535 0.4555555555555556 0.3131972341307495 0.29043586701542484
0.8987301587301587 0.8811246232200396 0.8831969562724762 0.5888888888888889 0.596839577104596 0.5937971503504548
0.8834920634920634 0.7792641097599003 0.7716214103299109 0.8111111111111111 0.7289711170206173 0.7089122411865962
0.8504761904761905 0.5742958112462323 0.5700265804972117 0.5 0.3229937325876522 0.3000036791185484
0.8834920634920634 0.7813428957488827 0.7831292020638975 0.5888888888888889 0.5386764481082771 0.5210001531731568
0.8911111111111111 0.8291549734954787 0.8216552874342004 0.8111111111111111 0.7798959425012085 0.7470046162568303
0.8961904761904762 0.8644943353081801 0.8665189972377131 0.5888888888888889 0.5877713158811629 0.5820428572962816
0.8733333333333333 0.7166510757717494 0.7234638036170324 0.4111111111111111 0.33333337923835316 0.31774038442978414
0.8542857142857143 0.5984097287184286 0.5913326731641216 0.5888888888888889 0.3966790013454762 0.3783935151102239
0.8657142857142857 0.6732460243217961 0.6663834888205556 0.5888888888888889 0.45663903643527326 0.4362728170125655
0.8987301587301587 0.8819561376156326 0.8869078021577109 0.5 0.4920285015086685 0.5013493415859
0.8517460317460317 0.5821951980043656 0.576697764111117 0.5444444444444445 0.35642984726022775 0.3350946457204457
0.8657142857142857 0.6719987527284067 0.659879084796998 0.7222222222222222 0.5476675888985136 0.544148360779423
0.8796825396825396 0.7563974638810935 0.7581122635117528 0.5888888888888889 0.5228502334958831 0.5020963768512394
0.8834920634920634 0.7784325953643074 0.7657841246677438 0.9 0.7719283000315368 0.7677746112471636
0.8936507936507936 0.8486955617919137 0.8535518840881847 0.5 0.4781633493404138 0.4799187366412294
0.8911111111111111 0.841793992308492 0.8416271433783291 0.3666666666666667 0.32501098277597756 0.3404051179733748
0.8873015873015873 0.8076187506496207 0.8133996977119925 0.4555555555555556 0.41309683985253476 0.40920288434726615
0.8657142857142857 0.6707514811350173 0.6519570542554854 0.8555555555555555 0.6037749074899089 0.6430155293278537
0.8949206349206349 0.8561791913522504 0.8581800177203315 0.5888888888888889 0.5831011227908784 0.5761028499852846
0.9 0.8877767383847833 0.8825298379110857 0.7666666666666667 0.7938371133821855 0.7556698072823036
0.8657142857142857 0.6740775387173892 0.6700943347057904 0.5 0.38528280475998333 0.36399946683292694
0.8517460317460317 0.5817794408065691 0.5746547141293584 0.5888888888888889 0.38307495692961524 0.36570242311585477
0.8644444444444445 0.6632678515746804 0.649038411424402 0.7666666666666667 0.5618423245200287 0.5706915495957481
0.8682539682539683 0.6894605550358591 0.6809350080783865 0.6333333333333333 0.5068587608123537 0.48644047896164055
0.8949206349206349 0.8667394241762811 0.8666440819304738 0.3666666666666667 0.32934074423972337 0.3522228372770091
0.866984126984127 0.6786508678931505 0.6573773909417836 0.9 0.6058230058515129 0.6807116712346838
0.8987301587301587 0.8829539548903441 0.8902433939646636 0.4111111111111111 0.3854227232602112 0.40648685145647806
0.8771428571428571 0.7393514187714376 0.7393078647000574 0.6333333333333333 0.5519940452008368 0.5290795766889728
0.8644444444444445 0.6653466375636629 0.6600875592849326 0.5444444444444445 0.4157442741521229 0.3939554087353471
0.9 0.8907701902089181 0.8967894928858081 0.4555555555555556 0.44053739170432027 0.4587166619030892
0.8606349206349206 0.6379066625090948 0.6215197790170428 0.8111111111111111 0.5512713165697383 0.5794386604819557
0.8834920634920634 0.7919031285729135 0.7915932662740398 0.3666666666666667 0.3135652087691442 0.3168556561625119
0.8682539682539683 0.6873817690468768 0.6686350132902487 0.8555555555555555 0.6289954925861099 0.6587082020535863
0.8885714285714286 0.8154349859681947 0.8201959660186584 0.5 0.4635600444544211 0.4582465060676328
0.8631746031746032 0.6557842220143437 0.6454943451295149 0.6777777777777778 0.5044404843714065 0.49420946920518777
0.8606349206349206 0.6387381769046878 0.6265231667274718 0.7222222222222222 0.5124356698529341 0.513678067213379
0.858095238095238 0.6229394033884212 0.614223171939334 0.6333333333333333 0.44472503122688967 0.43121654223091543
0.8746031746031746 0.7336971208814053 0.7332204096523688 0.3666666666666667 0.29577132138976536 0.289660683100054
0.8720634920634921 0.7035962997609397 0.6907333090113098 0.9 0.6677672395154083 0.7061970524870432
0.8707936507936508 0.6956969130028064 0.6853129723250118 0.8555555555555555 0.6526262950379887 0.6690063948925086
0.866984126984127 0.6811454110799294 0.6725960285610049 0.6333333333333333 0.4986983172596907 0.47956356564569724
0.8796825396825396 0.7539029206943146 0.7436858289466827 0.8555555555555555 0.7205032934556427 0.7196107999833427
0.8771428571428571 0.7376883899802517 0.7299265127430031 0.8111111111111111 0.6820631643890892 0.6743395916673096
0.8682539682539683 0.6912067352666044 0.6883150049512691 0.4555555555555556 0.3575469918211026 0.33878930934470264
0.8885714285714286 0.8116931711880263 0.7991400427372701 0.9 0.8107463192207531 0.7918359874678292
0.8707936507936508 0.696112670200603 0.6882316151560953 0.8111111111111111 0.6295783027169805 0.6373885753638946
0.8771428571428571 0.7389356615736411 0.737223119820712 0.6777777777777778 0.590329510822338 0.5678253931946751
Error: 3.3645144234952498%
